
time,ax,ay,az,wx,wy,wz,Bx,By,Bz,
0.067043,0.0000,0.0000,0.0000,-0.0345,-0.8306,0.0262,0.0000,0.0000,0.0000,
0.127556,0.0000,0.0000,0.0000,-0.0345,-0.8306,0.0262,-35.2875,-29.6063,-5.4188,
0.167925,0.0000,0.0000,0.0000,0.0075,0.2415,-0.0111,-35.2875,-29.6063,-5.4188,
0.187317,0.0000,0.0000,0.0000,0.0075,0.2415,-0.0111,-33.7313,-28.3875,-4.7438,
0.210583,0.0000,0.0000,0.0000,-0.0068,-0.2111,0.0116,-33.7313,-28.3875,-4.7438,
0.250619,0.0000,0.0000,0.0000,-0.0068,-0.2111,0.0116,-33.4500,-28.6313,-3.9375,
0.271853,0.0000,0.0000,0.0000,-0.0068,-0.2111,0.0116,-33.4500,-28.6313,-3.9375,
0.273426,0.0000,0.0000,0.0000,0.0043,0.1372,-0.0097,-33.4500,-28.6313,-3.9375,
0.307801,0.0000,0.0000,0.0000,0.0043,0.1372,-0.0097,-33.3188,-28.9125,-3.6750,
0.311257,0.0000,0.0000,0.0000,0.0043,0.1372,-0.0097,-33.3188,-28.9125,-3.6750,
0.331530,0.0000,0.0000,0.0000,-0.0025,-0.0776,0.0041,-33.3188,-28.9125,-3.6750,
0.332900,0.0000,0.0000,0.0000,-0.0025,-0.0776,0.0041,-33.3188,-28.9125,-3.6750,
0.369156,0.0000,0.0000,0.0000,-0.0025,-0.0776,0.0041,-33.3000,-29.0250,-3.7313,
0.373000,0.0916,-0.0032,-0.0236,-0.0025,-0.0776,0.0041,-33.3000,-29.0250,-3.7313,
0.392691,0.0916,-0.0032,-0.0236,0.0011,0.0402,-0.0015,-33.3000,-29.0250,-3.7313,
0.393832,0.0916,-0.0032,-0.0236,0.0011,0.0402,-0.0015,-33.3000,-29.0250,-3.7313,
0.428023,0.0916,-0.0032,-0.0236,0.0011,0.0402,-0.0015,-33.4125,-29.0625,-3.7125,
0.432354,0.0083,-0.0200,0.0006,0.0011,0.0402,-0.0015,-33.4125,-29.0625,-3.7125,
0.452838,0.0083,-0.0200,0.0006,0.0003,-0.0241,0.0020,-33.4125,-29.0625,-3.7125,
0.454108,0.0083,-0.0200,0.0006,0.0003,-0.0241,0.0020,-33.4125,-29.0625,-3.7125,
0.489119,0.0083,-0.0200,0.0006,0.0003,-0.0241,0.0020,-33.4500,-29.0438,-3.6188,
0.494138,0.0287,0.0174,-0.0041,0.0003,-0.0241,0.0020,-33.4500,-29.0438,-3.6188,
0.514369,0.0287,0.0174,-0.0041,-0.0008,0.0236,-0.0015,-33.4500,-29.0438,-3.6188,
0.516357,0.0287,0.0174,-0.0041,-0.0008,0.0236,-0.0015,-33.4500,-29.0438,-3.6188,
0.549039,0.0287,0.0174,-0.0041,-0.0008,0.0236,-0.0015,-33.3938,-29.0625,-3.6375,
0.576232,0.0287,0.0174,-0.0041,-0.0029,-0.0280,0.0020,-33.3938,-29.0625,-3.6375,
0.578551,0.0287,0.0174,-0.0041,-0.0029,-0.0280,0.0020,-33.3938,-29.0625,-3.6375,
0.580356,0.0235,0.0012,-0.0102,-0.0029,-0.0280,0.0020,-33.3938,-29.0625,-3.6375,
0.608667,0.0235,0.0012,-0.0102,-0.0029,-0.0280,0.0020,-33.3000,-29.2125,-3.3000,
0.637031,0.0235,0.0012,-0.0102,-0.0029,-0.0280,0.0020,-33.3000,-29.2125,-3.3000,
0.638781,0.0235,0.0012,-0.0102,-0.0000,0.0264,-0.0001,-33.3000,-29.2125,-3.3000,
0.640380,0.0204,-0.0056,-0.0090,-0.0000,0.0264,-0.0001,-33.3000,-29.2125,-3.3000,
0.670807,0.0204,-0.0056,-0.0090,-0.0000,0.0264,-0.0001,-33.2625,-29.2688,-3.0375,
0.698112,0.0204,-0.0056,-0.0090,-0.0000,0.0264,-0.0001,-33.2625,-29.2688,-3.0375,
0.700546,0.0087,-0.0179,0.0026,-0.0000,0.0264,-0.0001,-33.2625,-29.2688,-3.0375,
0.702041,0.0087,-0.0179,0.0026,-0.0004,-0.0141,0.0013,-33.2625,-29.2688,-3.0375,
0.729200,0.0087,-0.0179,0.0026,-0.0004,-0.0141,0.0013,-33.2812,-29.2313,-3.1688,
0.758157,0.0087,-0.0179,0.0026,0.0013,0.0033,-0.0012,-33.2812,-29.2313,-3.1688,
0.760039,0.0087,-0.0179,0.0026,0.0013,0.0033,-0.0012,-33.2812,-29.2313,-3.1688,
0.778659,0.0054,0.0066,0.0001,0.0013,0.0033,-0.0012,-33.2812,-29.2313,-3.1688,
0.789203,0.0054,0.0066,0.0001,0.0013,0.0033,-0.0012,-33.4313,-29.1563,-3.2250,
0.818489,0.0054,0.0066,0.0001,-0.0004,-0.0056,-0.0015,-33.4313,-29.1563,-3.2250,
0.820111,0.0054,0.0066,0.0001,-0.0004,-0.0056,-0.0015,-33.4313,-29.1563,-3.2250,
0.837511,0.0193,0.0089,-0.0057,-0.0004,-0.0056,-0.0015,-33.4313,-29.1563,-3.2250,
0.848783,0.0193,0.0089,-0.0057,-0.0004,-0.0056,-0.0015,-33.5438,-28.9500,-3.1500,
0.880129,0.0193,0.0089,-0.0057,-0.0021,0.0068,-0.0019,-33.5438,-28.9500,-3.1500,
0.882160,0.0193,0.0089,-0.0057,-0.0021,0.0068,-0.0019,-33.5438,-28.9500,-3.1500,
0.900047,-0.0167,0.0052,0.0087,-0.0021,0.0068,-0.0019,-33.5438,-28.9500,-3.1500,
0.907697,-0.0167,0.0052,0.0087,-0.0021,0.0068,-0.0019,-33.5438,-28.9500,-3.1313,
0.941663,-0.0167,0.0052,0.0087,-0.0021,0.0068,-0.0019,-33.5438,-28.9500,-3.1313,
0.944490,-0.0167,0.0052,0.0087,-0.0019,-0.0350,0.0130,-33.5438,-28.9500,-3.1313,
0.961599,0.0891,-0.0088,-0.0339,-0.0019,-0.0350,0.0130,-33.5438,-28.9500,-3.1313,
0.969678,0.0891,-0.0088,-0.0339,-0.0019,-0.0350,0.0130,-33.5813,-28.9875,-3.1688,
1.001566,0.0891,-0.0088,-0.0339,0.0021,0.0864,-0.0104,-33.5813,-28.9875,-3.1688,
1.004012,0.0891,-0.0088,-0.0339,0.0021,0.0864,-0.0104,-33.5813,-28.9875,-3.1688,
1.030166,0.0891,-0.0088,-0.0339,0.0021,0.0864,-0.0104,-33.5438,-28.9500,-3.1125,
1.042387,-0.1329,0.0051,0.0473,0.0021,0.0864,-0.0104,-33.5438,-28.9500,-3.1125,
1.062120,-0.1329,0.0051,0.0473,-0.0040,-0.1419,0.0120,-33.5438,-28.9500,-3.1125,
1.063305,-0.1329,0.0051,0.0473,-0.0040,-0.1419,0.0120,-33.5438,-28.9500,-3.1125,
1.091917,-0.1329,0.0051,0.0473,-0.0040,-0.1419,0.0120,-33.5063,-28.8375,-3.2813,
1.102843,0.1185,-0.0015,-0.0514,-0.0040,-0.1419,0.0120,-33.5063,-28.8375,-3.2813,
1.123196,0.1185,-0.0015,-0.0514,-0.0040,-0.1419,0.0120,-33.5063,-28.8375,-3.2813,
1.124248,0.1185,-0.0015,-0.0514,0.0035,0.1357,-0.0115,-33.5063,-28.8375,-3.2813,
1.151332,0.1185,-0.0015,-0.0514,0.0035,0.1357,-0.0115,-33.6188,-29.0438,-3.3750,
1.164691,-0.0811,0.0036,0.0378,0.0035,0.1357,-0.0115,-33.6188,-29.0438,-3.3750,
1.183960,-0.0811,0.0036,0.0378,-0.0040,-0.1241,0.0109,-33.6188,-29.0438,-3.3750,
1.185051,-0.0811,0.0036,0.0378,-0.0040,-0.1241,0.0109,-33.6188,-29.0438,-3.3750,
1.208298,-0.0811,0.0036,0.0378,-0.0040,-0.1241,0.0109,-33.6750,-29.0625,-3.5063,
1.249289,-0.0811,0.0036,0.0378,-0.0040,-0.1241,0.0109,-33.6750,-29.0625,-3.5063,
1.250927,-0.0811,0.0036,0.0378,0.0021,0.1123,-0.0047,-33.6750,-29.0625,-3.5063,
1.252839,0.0778,0.0202,-0.0263,0.0021,0.1123,-0.0047,-33.6750,-29.0625,-3.5063,
1.269461,0.0778,0.0202,-0.0263,0.0021,0.1123,-0.0047,-33.5625,-29.1000,-3.5063,
1.306661,0.0778,0.0202,-0.0263,-0.0025,-0.0957,0.0063,-33.5625,-29.1000,-3.5063,
1.308571,0.0778,0.0202,-0.0263,-0.0025,-0.0957,0.0063,-33.5625,-29.1000,-3.5063,
1.310392,-0.0606,-0.0333,0.0202,-0.0025,-0.0957,0.0063,-33.5625,-29.1000,-3.5063,
1.329177,-0.0606,-0.0333,0.0202,-0.0025,-0.0957,0.0063,-33.4875,-29.2313,-3.5250,
1.367011,-0.0606,-0.0333,0.0202,0.0039,0.0633,-0.0072,-33.4875,-29.2313,-3.5250,
1.369337,-0.0606,-0.0333,0.0202,0.0039,0.0633,-0.0072,-33.4875,-29.2313,-3.5250,
1.370720,0.0239,0.0219,-0.0068,0.0039,0.0633,-0.0072,-33.4875,-29.2313,-3.5250,
1.389909,0.0239,0.0219,-0.0068,0.0039,0.0633,-0.0072,-33.4125,-29.2313,-3.5625,
1.429151,0.0239,0.0219,-0.0068,-0.0047,-0.0578,0.0060,-33.4125,-29.2313,-3.5625,
1.430774,0.0239,0.0219,-0.0068,-0.0047,-0.0578,0.0060,-33.4125,-29.2313,-3.5625,
1.432035,-0.0027,0.0178,0.0076,-0.0047,-0.0578,0.0060,-33.4125,-29.2313,-3.5625,
1.448839,-0.0027,0.0178,0.0076,-0.0047,-0.0578,0.0060,-33.4875,-29.2125,-3.8625,
1.490598,-0.0027,0.0178,0.0076,-0.0011,0.0526,-0.0008,-33.4875,-29.2125,-3.8625,
1.492811,-0.0027,0.0178,0.0076,-0.0011,0.0526,-0.0008,-33.4875,-29.2125,-3.8625,
1.508961,0.0021,-0.0025,-0.0044,-0.0011,0.0526,-0.0008,-33.4875,-29.2125,-3.8625,
1.510572,0.0021,-0.0025,-0.0044,-0.0011,0.0526,-0.0008,-33.5438,-29.3625,-3.8438,
1.552214,0.0021,-0.0025,-0.0044,-0.0015,-0.0273,0.0031,-33.5438,-29.3625,-3.8438,
1.554358,0.0021,-0.0025,-0.0044,-0.0015,-0.0273,0.0031,-33.5438,-29.3625,-3.8438,
1.570273,0.0021,-0.0025,-0.0044,-0.0015,-0.0273,0.0031,-33.6562,-29.3813,-3.9750,
1.572333,-0.0096,-0.0181,0.0026,-0.0015,-0.0273,0.0031,-33.6562,-29.3813,-3.9750,
1.612041,-0.0096,-0.0181,0.0026,0.0013,0.0132,-0.0015,-33.6562,-29.3813,-3.9750,
1.613815,-0.0096,-0.0181,0.0026,0.0013,0.0132,-0.0015,-33.6562,-29.3813,-3.9750,
1.628604,-0.0096,-0.0181,0.0026,0.0013,0.0132,-0.0015,-33.6375,-29.2688,-4.0125,
1.629903,-0.0053,0.0058,-0.0008,0.0013,0.0132,-0.0015,-33.6375,-29.2688,-4.0125,
1.672311,-0.0053,0.0058,-0.0008,-0.0000,-0.0145,-0.0008,-33.6375,-29.2688,-4.0125,
1.674346,-0.0053,0.0058,-0.0008,-0.0000,-0.0145,-0.0008,-33.6375,-29.2688,-4.0125,
1.688911,-0.0053,0.0058,-0.0008,-0.0000,-0.0145,-0.0008,-33.5625,-29.3438,-3.9375,
1.712919,0.0098,0.0249,-0.0050,-0.0000,-0.0145,-0.0008,-33.5625,-29.3438,-3.9375,
1.732306,0.0098,0.0249,-0.0050,-0.0015,0.0115,0.0007,-33.5625,-29.3438,-3.9375,
1.733232,0.0098,0.0249,-0.0050,-0.0015,0.0115,0.0007,-33.5625,-29.3438,-3.9375,
1.749121,0.0098,0.0249,-0.0050,-0.0015,0.0115,0.0007,-33.6562,-29.3250,-3.9750,
1.772555,-0.0068,0.0021,0.0013,-0.0015,0.0115,0.0007,-33.6562,-29.3250,-3.9750,
1.793150,-0.0068,0.0021,0.0013,-0.0019,-0.0007,0.0017,-33.6562,-29.3250,-3.9750,
1.794510,-0.0068,0.0021,0.0013,-0.0019,-0.0007,0.0017,-33.6562,-29.3250,-3.9750,
1.807345,-0.0068,0.0021,0.0013,-0.0019,-0.0007,0.0017,-33.7313,-29.3438,-4.0688,
1.833015,0.0010,-0.0137,-0.0064,-0.0019,-0.0007,0.0017,-33.7313,-29.3438,-4.0688,
1.855504,0.0010,-0.0137,-0.0064,-0.0019,-0.0007,0.0017,-33.7313,-29.3438,-4.0688,
1.857229,0.0010,-0.0137,-0.0064,-0.0004,-0.0003,0.0007,-33.7313,-29.3438,-4.0688,
1.869012,0.0010,-0.0137,-0.0064,-0.0004,-0.0003,0.0007,-33.6750,-29.3813,-4.0125,
1.895950,-0.0024,0.0039,0.0084,-0.0004,-0.0003,0.0007,-33.6750,-29.3813,-4.0125,
1.915301,-0.0024,0.0039,0.0084,-0.0000,-0.0049,-0.0001,-33.6750,-29.3813,-4.0125,
1.916883,-0.0024,0.0039,0.0084,-0.0000,-0.0049,-0.0001,-33.6750,-29.3813,-4.0125,
1.929088,-0.0024,0.0039,0.0084,-0.0000,-0.0049,-0.0001,-33.6562,-29.3813,-3.8813,
1.976698,-0.0024,0.0039,0.0084,-0.0000,-0.0049,-0.0001,-33.6562,-29.3813,-3.8813,
1.978352,-0.0077,-0.0053,0.0157,-0.0000,-0.0049,-0.0001,-33.6562,-29.3813,-3.8813,
1.979634,-0.0077,-0.0053,0.0157,0.0003,0.0025,-0.0008,-33.6562,-29.3813,-3.8813,
1.988251,-0.0077,-0.0053,0.0157,0.0003,0.0025,-0.0008,-33.8250,-29.4375,-3.9188,
2.037915,-0.0077,-0.0053,0.0157,0.0007,-0.0045,-0.0015,-33.8250,-29.4375,-3.9188,
2.039655,-0.0077,-0.0053,0.0157,0.0007,-0.0045,-0.0015,-33.8250,-29.4375,-3.9188,
2.040541,-0.0023,0.0046,-0.0038,0.0007,-0.0045,-0.0015,-33.8250,-29.4375,-3.9188,
2.048342,-0.0023,0.0046,-0.0038,0.0007,-0.0045,-0.0015,-33.7500,-29.3625,-3.8250,
2.098510,-0.0023,0.0046,-0.0038,0.0007,-0.0045,-0.0015,-33.7500,-29.3625,-3.8250,
2.100058,0.0008,0.0441,-0.0011,0.0007,-0.0045,-0.0015,-33.7500,-29.3625,-3.8250,
2.100968,0.0008,0.0441,-0.0011,-0.0021,0.0025,0.0009,-33.7500,-29.3625,-3.8250,
2.108047,0.0008,0.0441,-0.0011,-0.0021,0.0025,0.0009,-33.8813,-29.4375,-3.8625,
2.163717,0.0008,0.0441,-0.0011,-0.0021,0.0025,0.0009,-33.8813,-29.4375,-3.8625,
2.165920,0.0008,0.0441,-0.0011,-0.0000,0.0019,0.0024,-33.8813,-29.4375,-3.8625,
2.171318,0.0008,0.0441,-0.0011,-0.0000,0.0019,0.0024,-33.9938,-29.4188,-3.9188,
2.178866,-0.0020,-0.0426,0.0065,-0.0000,0.0019,0.0024,-33.9938,-29.4188,-3.9188,
2.222211,-0.0020,-0.0426,0.0065,-0.0004,0.0015,-0.0023,-33.9938,-29.4188,-3.9188,
2.225106,-0.0020,-0.0426,0.0065,-0.0004,0.0015,-0.0023,-33.9938,-29.4188,-3.9188,
2.230688,-0.0020,-0.0426,0.0065,-0.0004,0.0015,-0.0023,-34.0875,-29.5688,-3.8813,
2.239899,-0.0124,0.0126,-0.0065,-0.0004,0.0015,-0.0023,-34.0875,-29.5688,-3.8813,
2.280936,-0.0124,0.0126,-0.0065,-0.0025,-0.0130,0.0020,-34.0875,-29.5688,-3.8813,
2.282079,-0.0124,0.0126,-0.0065,-0.0025,-0.0130,0.0020,-34.0875,-29.5688,-3.8813,
2.288632,-0.0124,0.0126,-0.0065,-0.0025,-0.0130,0.0020,-34.0688,-29.5500,-3.8625,
2.300559,0.0094,0.0125,-0.0045,-0.0025,-0.0130,0.0020,-34.0688,-29.5500,-3.8625,
2.343294,0.0094,0.0125,-0.0045,-0.0019,0.0150,0.0003,-34.0688,-29.5500,-3.8625,
2.345385,0.0094,0.0125,-0.0045,-0.0019,0.0150,0.0003,-34.0688,-29.5500,-3.8625,
2.349177,0.0094,0.0125,-0.0045,-0.0019,0.0150,0.0003,-34.1063,-29.5313,-3.8625,
2.361756,-0.0110,-0.0050,-0.0117,-0.0019,0.0150,0.0003,-34.1063,-29.5313,-3.8625,
2.403503,-0.0110,-0.0050,-0.0117,-0.0021,-0.0063,0.0031,-34.1063,-29.5313,-3.8625,
2.405484,-0.0110,-0.0050,-0.0117,-0.0021,-0.0063,0.0031,-34.1063,-29.5313,-3.8625,
2.408621,-0.0110,-0.0050,-0.0117,-0.0021,-0.0063,0.0031,-34.0875,-29.5500,-3.7500,
2.446003,-0.0028,-0.0102,-0.0009,-0.0021,-0.0063,0.0031,-34.0875,-29.5500,-3.7500,
2.463158,-0.0028,-0.0102,-0.0009,0.0007,0.0093,-0.0001,-34.0875,-29.5500,-3.7500,
2.465124,-0.0028,-0.0102,-0.0009,0.0007,0.0093,-0.0001,-34.0875,-29.5500,-3.7500,
2.468662,-0.0028,-0.0102,-0.0009,0.0007,0.0093,-0.0001,-33.9938,-29.4375,-3.7875,
2.505663,-0.0186,0.0117,0.0049,0.0007,0.0093,-0.0001,-33.9938,-29.4375,-3.7875,
2.524422,-0.0186,0.0117,0.0049,-0.0008,-0.0130,-0.0008,-33.9938,-29.4375,-3.7875,
2.525455,-0.0186,0.0117,0.0049,-0.0008,-0.0130,-0.0008,-33.9938,-29.4375,-3.7875,
2.528379,-0.0186,0.0117,0.0049,-0.0008,-0.0130,-0.0008,-33.9000,-29.5125,-3.7500,
2.565277,0.0080,0.0089,0.0021,-0.0008,-0.0130,-0.0008,-33.9000,-29.5125,-3.7500,
2.584211,0.0080,0.0089,0.0021,-0.0015,0.0061,0.0007,-33.9000,-29.5125,-3.7500,
2.586066,0.0080,0.0089,0.0021,-0.0015,0.0061,0.0007,-33.9000,-29.5125,-3.7500,
2.587813,0.0080,0.0089,0.0021,-0.0015,0.0061,0.0007,-33.7875,-29.4563,-3.7688,
2.646171,0.0080,0.0089,0.0021,-0.0000,0.0008,-0.0008,-33.7875,-29.4563,-3.7688,
2.647944,0.0080,0.0089,0.0021,-0.0000,0.0008,-0.0008,-33.7875,-29.4563,-3.7688,
2.649122,-0.0110,-0.0039,0.0042,-0.0000,0.0008,-0.0008,-33.7875,-29.4563,-3.7688,
2.650400,-0.0110,-0.0039,0.0042,-0.0000,0.0008,-0.0008,-33.7875,-29.4750,-3.8250,
2.706127,-0.0110,-0.0039,0.0042,-0.0000,0.0008,-0.0008,-33.7875,-29.4750,-3.8250,
2.707570,-0.0110,-0.0039,0.0042,-0.0000,-0.0081,0.0007,-33.7875,-29.4750,-3.8250,
2.707969,-0.0110,-0.0039,0.0042,-0.0000,-0.0081,0.0007,-33.7125,-29.4375,-3.8438,
2.708349,-0.0023,0.0136,0.0024,-0.0000,-0.0081,0.0007,-33.7125,-29.4375,-3.8438,
2.767635,-0.0023,0.0136,0.0024,-0.0015,0.0029,0.0020,-33.7125,-29.4375,-3.8438,
2.768945,-0.0023,0.0136,0.0024,-0.0015,0.0029,0.0020,-33.7125,-29.4375,-3.8438,
2.769683,0.0015,0.0121,-0.0068,-0.0015,0.0029,0.0020,-33.7125,-29.4375,-3.8438,
2.770530,0.0015,0.0121,-0.0068,-0.0015,0.0029,0.0020,-33.7125,-29.4188,-3.8813,
2.829676,0.0015,0.0121,-0.0068,-0.0015,0.0029,0.0020,-33.6562,-29.4188,-3.8813,
2.831829,0.0015,0.0121,-0.0068,-0.0000,-0.0007,-0.0001,-33.6562,-29.4188,-3.8813,
2.833120,0.0015,0.0121,-0.0068,-0.0000,-0.0007,-0.0001,-33.6562,-29.4188,-3.8813,
2.833980,-0.0205,-0.0071,0.0059,-0.0000,-0.0007,-0.0001,-33.6562,-29.4188,-3.8813,
2.892327,-0.0205,-0.0071,0.0059,-0.0000,-0.0007,-0.0001,-33.6562,-29.4188,-3.8813,
2.896205,-0.0205,-0.0071,0.0059,0.0007,-0.0035,-0.0004,-33.6562,-29.4188,-3.8813,
2.897144,-0.0205,-0.0071,0.0059,0.0007,-0.0035,-0.0004,-33.5250,-29.4188,-3.9188,
2.909793,-0.0047,0.0061,-0.0015,0.0007,-0.0035,-0.0004,-33.5250,-29.4188,-3.9188,
2.950182,-0.0047,0.0061,-0.0015,-0.0011,-0.0009,0.0007,-33.5250,-29.4188,-3.9188,
2.952296,-0.0047,0.0061,-0.0015,-0.0011,-0.0009,0.0007,-33.5250,-29.4188,-3.9188,
2.953233,-0.0047,0.0061,-0.0015,-0.0011,-0.0009,0.0007,-33.4125,-29.3250,-3.7500,
2.971659,-0.0029,-0.0176,0.0028,-0.0011,-0.0009,0.0007,-33.4125,-29.3250,-3.7500,
3.010939,-0.0029,-0.0176,0.0028,-0.0011,-0.0009,0.0007,-33.4125,-29.4563,-3.7688,
3.013004,-0.0029,-0.0176,0.0028,0.0011,-0.0024,-0.0012,-33.4125,-29.4563,-3.7688,
3.014462,-0.0029,-0.0176,0.0028,0.0011,-0.0024,-0.0012,-33.4125,-29.4563,-3.7688,
3.032401,0.0003,0.0157,0.0023,0.0011,-0.0024,-0.0012,-33.4125,-29.4563,-3.7688,
3.069988,0.0003,0.0157,0.0023,0.0011,-0.0024,-0.0012,-33.4125,-29.6250,-3.7313,
3.072319,0.0003,0.0157,0.0023,-0.0004,0.0012,0.0007,-33.4125,-29.6250,-3.7313,
3.073766,0.0003,0.0157,0.0023,-0.0004,0.0012,0.0007,-33.4125,-29.6250,-3.7313,
3.113138,-0.0015,0.0166,0.0058,-0.0004,0.0012,0.0007,-33.4125,-29.6250,-3.7313,
3.128763,-0.0015,0.0166,0.0058,-0.0004,0.0012,0.0007,-33.3375,-29.4938,-3.4500,
3.132876,-0.0015,0.0166,0.0058,-0.0015,-0.0028,0.0024,-33.3375,-29.4938,-3.4500,
3.133986,-0.0015,0.0166,0.0058,-0.0015,-0.0028,0.0024,-33.3375,-29.4938,-3.4500,
3.173929,-0.0002,-0.0071,-0.0025,-0.0015,-0.0028,0.0024,-33.3375,-29.4938,-3.4500,
3.188758,-0.0002,-0.0071,-0.0025,-0.0015,-0.0028,0.0024,-33.1875,-29.3813,-3.3750,
3.194169,-0.0002,-0.0071,-0.0025,-0.0011,0.0079,0.0007,-33.1875,-29.3813,-3.3750,
3.195802,-0.0002,-0.0071,-0.0025,-0.0011,0.0079,0.0007,-33.1875,-29.3813,-3.3750,
3.236585,-0.0016,-0.0043,-0.0037,-0.0011,0.0079,0.0007,-33.1875,-29.3813,-3.3750,
3.248686,-0.0016,-0.0043,-0.0037,-0.0011,0.0079,0.0007,-33.0938,-29.5688,-3.2250,
3.254694,-0.0016,-0.0043,-0.0037,-0.0000,-0.0035,-0.0001,-33.0938,-29.5688,-3.2250,
3.256377,-0.0016,-0.0043,-0.0037,-0.0000,-0.0035,-0.0001,-33.0938,-29.5688,-3.2250,
3.298410,-0.0103,0.0067,0.0094,-0.0000,-0.0035,-0.0001,-33.0938,-29.5688,-3.2250,
3.309187,-0.0103,0.0067,0.0094,-0.0000,-0.0035,-0.0001,-33.2438,-29.6063,-3.1875,
3.315783,-0.0103,0.0067,0.0094,-0.0000,-0.0024,-0.0012,-33.2438,-29.6063,-3.1875,
3.316579,-0.0103,0.0067,0.0094,-0.0000,-0.0024,-0.0012,-33.2438,-29.6063,-3.1875,
3.369613,-0.0103,0.0067,0.0094,-0.0000,-0.0024,-0.0012,-33.1313,-29.6438,-3.0750,
3.377027,-0.0103,0.0067,0.0094,-0.0008,-0.0007,-0.0004,-33.1313,-29.6438,-3.0750,
3.378366,0.0037,0.0098,0.0080,-0.0008,-0.0007,-0.0004,-33.1313,-29.6438,-3.0750,
3.380022,0.0037,0.0098,0.0080,-0.0008,-0.0007,-0.0004,-33.1313,-29.6438,-3.0750,
3.431299,0.0037,0.0098,0.0080,-0.0008,-0.0007,-0.0004,-33.1313,-29.6063,-3.1313,
3.438447,0.0037,0.0098,0.0080,-0.0004,0.0004,0.0003,-33.1313,-29.6063,-3.1313,
3.440476,-0.0055,0.0046,0.0008,-0.0004,0.0004,0.0003,-33.1313,-29.6063,-3.1313,
3.441580,-0.0055,0.0046,0.0008,-0.0004,0.0004,0.0003,-33.1313,-29.6063,-3.1313,
3.489900,-0.0055,0.0046,0.0008,-0.0004,0.0004,0.0003,-33.1688,-29.4563,-3.0938,
3.497949,-0.0055,0.0046,0.0008,-0.0004,-0.0028,0.0003,-33.1688,-29.4563,-3.0938,
3.500982,-0.0055,0.0046,0.0008,-0.0004,-0.0028,0.0003,-33.1688,-29.4563,-3.0938,
3.502782,0.0037,-0.0012,0.0039,-0.0004,-0.0028,0.0003,-33.1688,-29.4563,-3.0938,
3.550395,0.0037,-0.0012,0.0039,-0.0004,-0.0028,0.0003,-33.1313,-29.3250,-2.9438,
3.562389,0.0037,-0.0012,0.0039,-0.0000,0.0033,0.0007,-33.1313,-29.3250,-2.9438,
3.563105,0.0037,-0.0012,0.0039,-0.0000,0.0033,0.0007,-33.1313,-29.3250,-2.9438,
3.581690,-0.0058,0.0026,-0.0031,-0.0000,0.0033,0.0007,-33.1313,-29.3250,-2.9438,
3.608591,-0.0058,0.0026,-0.0031,-0.0000,0.0033,0.0007,-33.1688,-29.4188,-3.1875,
3.621054,-0.0058,0.0026,-0.0031,-0.0004,-0.0052,0.0007,-33.1688,-29.4188,-3.1875,
3.622330,-0.0058,0.0026,-0.0031,-0.0004,-0.0052,0.0007,-33.1688,-29.4188,-3.1875,
3.641218,-0.0032,0.0026,-0.0015,-0.0004,-0.0052,0.0007,-33.1688,-29.4188,-3.1875,
3.670704,-0.0032,0.0026,-0.0015,-0.0004,-0.0052,0.0007,-33.1875,-29.4375,-3.2438,
3.681173,-0.0032,0.0026,-0.0015,-0.0008,0.0004,0.0003,-33.1875,-29.4375,-3.2438,
3.682797,-0.0032,0.0026,-0.0015,-0.0008,0.0004,0.0003,-33.1875,-29.4375,-3.2438,
3.701353,-0.0028,-0.0011,-0.0041,-0.0008,0.0004,0.0003,-33.1875,-29.4375,-3.2438,
3.729311,-0.0028,-0.0011,-0.0041,-0.0008,0.0004,0.0003,-33.1313,-29.3063,-3.3563,
3.742262,-0.0028,-0.0011,-0.0041,-0.0000,0.0004,-0.0012,-33.1313,-29.3063,-3.3563,
3.743740,-0.0028,-0.0011,-0.0041,-0.0000,0.0004,-0.0012,-33.1313,-29.3063,-3.3563,
3.763159,-0.0050,0.0216,0.0059,-0.0000,0.0004,-0.0012,-33.1313,-29.3063,-3.3563,
3.790851,-0.0050,0.0216,0.0059,-0.0000,0.0004,-0.0012,-32.9813,-29.1938,-3.3750,
3.804028,-0.0050,0.0216,0.0059,-0.0011,-0.0071,0.0020,-32.9813,-29.1938,-3.3750,
3.804882,-0.0050,0.0216,0.0059,-0.0011,-0.0071,0.0020,-32.9813,-29.1938,-3.3750,
3.843958,0.0046,-0.0249,-0.0101,-0.0011,-0.0071,0.0020,-32.9813,-29.1938,-3.3750,
3.852301,0.0046,-0.0249,-0.0101,-0.0011,-0.0071,0.0020,-33.1875,-29.2313,-3.3938,
3.865061,0.0046,-0.0249,-0.0101,-0.0011,-0.0071,0.0020,-33.1875,-29.2313,-3.3938,
3.866217,0.0046,-0.0249,-0.0101,0.0007,0.0015,-0.0008,-33.1875,-29.2313,-3.3938,
3.904254,-0.0129,0.0183,0.0073,0.0007,0.0015,-0.0008,-33.1875,-29.2313,-3.3938,
3.907908,-0.0129,0.0183,0.0073,0.0007,0.0015,-0.0008,-33.2625,-29.1938,-3.3750,
3.925260,-0.0129,0.0183,0.0073,0.0007,0.0015,-0.0008,-33.2625,-29.1938,-3.3750,
3.926616,-0.0129,0.0183,0.0073,-0.0011,-0.0035,0.0009,-33.2625,-29.1938,-3.3750,
3.964957,0.0132,0.0077,-0.0027,-0.0011,-0.0035,0.0009,-33.2625,-29.1938,-3.3750,
3.967028,0.0132,0.0077,-0.0027,-0.0011,-0.0035,0.0009,-33.3750,-29.2125,-3.3375,
3.986262,0.0132,0.0077,-0.0027,-0.0032,-0.0024,0.0013,-33.3750,-29.2125,-3.3375,
3.987810,0.0132,0.0077,-0.0027,-0.0032,-0.0024,0.0013,-33.3750,-29.2125,-3.3375,
4.031097,0.0132,0.0077,-0.0027,-0.0032,-0.0024,0.0013,-33.3938,-29.3250,-3.3938,
4.048976,0.0132,0.0077,-0.0027,-0.0004,0.0104,0.0007,-33.3938,-29.3250,-3.3938,
4.050850,0.0132,0.0077,-0.0027,-0.0004,0.0104,0.0007,-33.3938,-29.3250,-3.3938,
4.051840,-0.0149,-0.0105,0.0007,-0.0004,0.0104,0.0007,-33.3938,-29.3250,-3.3938,
4.089287,-0.0149,-0.0105,0.0007,-0.0004,0.0104,0.0007,-33.3563,-29.2875,-3.3188,
4.110651,-0.0149,-0.0105,0.0007,-0.0004,-0.0073,0.0009,-33.3563,-29.2875,-3.3188,
4.112167,-0.0046,-0.0035,-0.0107,-0.0004,-0.0073,0.0009,-33.3563,-29.2875,-3.3188,
4.112796,-0.0046,-0.0035,-0.0107,-0.0004,-0.0073,0.0009,-33.3563,-29.2875,-3.3188,
4.152636,-0.0046,-0.0035,-0.0107,-0.0004,-0.0073,0.0009,-33.5063,-29.4938,-3.2625,
4.170953,-0.0046,-0.0035,-0.0107,0.0007,-0.0007,-0.0008,-33.5063,-29.4938,-3.2625,
4.172841,-0.0050,0.0124,0.0020,0.0007,-0.0007,-0.0008,-33.5063,-29.4938,-3.2625,
4.173701,-0.0050,0.0124,0.0020,0.0007,-0.0007,-0.0008,-33.5063,-29.4938,-3.2625,
4.211079,-0.0050,0.0124,0.0020,0.0007,-0.0007,-0.0008,-33.5625,-29.5688,-3.1313,
4.229046,-0.0050,0.0124,0.0020,-0.0008,-0.0024,-0.0004,-33.5625,-29.5688,-3.1313,
4.230670,-0.0050,0.0124,0.0020,-0.0008,-0.0024,-0.0004,-33.5625,-29.5688,-3.1313,
4.231744,0.0089,0.0104,0.0001,-0.0008,-0.0024,-0.0004,-33.5625,-29.5688,-3.1313,
4.271324,0.0089,0.0104,0.0001,-0.0008,-0.0024,-0.0004,-33.6562,-29.6625,-3.0563,
4.290472,0.0089,0.0104,0.0001,-0.0008,-0.0007,0.0007,-33.6562,-29.6625,-3.0563,
4.291925,0.0089,0.0104,0.0001,-0.0008,-0.0007,0.0007,-33.6562,-29.6625,-3.0563,
4.311119,-0.0078,0.0041,0.0016,-0.0008,-0.0007,0.0007,-33.6562,-29.6625,-3.0563,
4.329133,-0.0078,0.0041,0.0016,-0.0008,-0.0007,0.0007,-33.7688,-29.6438,-3.0375,
4.353184,-0.0078,0.0041,0.0016,-0.0008,-0.0007,0.0007,-33.7688,-29.6438,-3.0375,
4.355195,-0.0078,0.0041,0.0016,-0.0008,-0.0039,0.0017,-33.7688,-29.6438,-3.0375,
4.373430,-0.0006,0.0123,-0.0014,-0.0008,-0.0039,0.0017,-33.7688,-29.6438,-3.0375,
4.388585,-0.0006,0.0123,-0.0014,-0.0008,-0.0039,0.0017,-33.8813,-29.9438,-3.1125,
4.412745,-0.0006,0.0123,-0.0014,-0.0015,0.0029,0.0024,-33.8813,-29.9438,-3.1125,
4.414648,-0.0006,0.0123,-0.0014,-0.0015,0.0029,0.0024,-33.8813,-29.9438,-3.1125,
4.433063,-0.0073,0.0019,0.0096,-0.0015,0.0029,0.0024,-33.8813,-29.9438,-3.1125,
4.448717,-0.0073,0.0019,0.0096,-0.0015,0.0029,0.0024,-33.9000,-29.9438,-3.1125,
4.472985,-0.0073,0.0019,0.0096,-0.0008,-0.0063,0.0039,-33.9000,-29.9438,-3.1125,
4.475292,-0.0073,0.0019,0.0096,-0.0008,-0.0063,0.0039,-33.9000,-29.9438,-3.1125,
4.511887,-0.0073,0.0019,0.0096,-0.0008,-0.0063,0.0039,-33.8813,-29.8313,-3.1500,
4.514882,0.0054,-0.0223,-0.0073,-0.0008,-0.0063,0.0039,-33.8813,-29.8313,-3.1500,
4.534005,0.0054,-0.0223,-0.0073,0.0003,0.0057,-0.0023,-33.8813,-29.8313,-3.1500,
4.535603,0.0054,-0.0223,-0.0073,0.0003,0.0057,-0.0023,-33.8813,-29.8313,-3.1500,
4.570645,0.0054,-0.0223,-0.0073,0.0003,0.0057,-0.0023,-34.0125,-29.8688,-3.1313,
4.575932,-0.0295,0.0081,0.0076,0.0003,0.0057,-0.0023,-34.0125,-29.8688,-3.1313,
4.594512,-0.0295,0.0081,0.0076,0.0003,-0.0031,-0.0044,-34.0125,-29.8688,-3.1313,
4.596175,-0.0295,0.0081,0.0076,0.0003,-0.0031,-0.0044,-34.0125,-29.8688,-3.1313,
4.630689,-0.0295,0.0081,0.0076,0.0003,-0.0031,-0.0044,-34.0875,-29.7375,-3.1875,
4.638071,-0.0074,0.0164,0.0017,0.0003,-0.0031,-0.0044,-34.0875,-29.7375,-3.1875,
4.655118,-0.0074,0.0164,0.0017,0.0003,-0.0031,-0.0044,-34.0875,-29.7375,-3.1875,
4.656488,-0.0074,0.0164,0.0017,-0.0004,-0.0190,0.0020,-34.0875,-29.7375,-3.1875,
4.692135,-0.0074,0.0164,0.0017,-0.0004,-0.0190,0.0020,-34.1813,-29.6813,-3.3375,
4.698405,0.0408,-0.0204,-0.0097,-0.0004,-0.0190,0.0020,-34.1813,-29.6813,-3.3375,
4.718168,0.0408,-0.0204,-0.0097,0.0011,0.0168,0.0009,-34.1813,-29.6813,-3.3375,
4.720593,0.0408,-0.0204,-0.0097,0.0011,0.0168,0.0009,-34.1813,-29.6813,-3.3375,
4.748698,0.0408,-0.0204,-0.0097,0.0011,0.0168,0.0009,-34.2375,-29.7563,-3.3375,
4.779854,0.0408,-0.0204,-0.0097,-0.0015,-0.0020,0.0031,-34.2375,-29.7563,-3.3375,
4.782379,0.0408,-0.0204,-0.0097,-0.0015,-0.0020,0.0031,-34.2375,-29.7563,-3.3375,
4.784295,-0.0466,0.0348,0.0171,-0.0015,-0.0020,0.0031,-34.2375,-29.7563,-3.3375,
4.812132,-0.0466,0.0348,0.0171,-0.0015,-0.0020,0.0031,-34.1250,-29.6625,-3.3750,
4.840427,-0.0466,0.0348,0.0171,-0.0015,-0.0020,0.0031,-34.1250,-29.6625,-3.3750,
4.842189,-0.0466,0.0348,0.0171,-0.0019,-0.0052,-0.0015,-34.1250,-29.6625,-3.3750,
4.843131,0.0069,-0.0074,-0.0087,-0.0019,-0.0052,-0.0015,-34.1250,-29.6625,-3.3750,
4.870600,0.0069,-0.0074,-0.0087,-0.0019,-0.0052,-0.0015,-34.0125,-29.4750,-3.4500,
4.899582,0.0069,-0.0074,-0.0087,-0.0000,-0.0003,-0.0025,-34.0125,-29.4750,-3.4500,
4.901341,0.0069,-0.0074,-0.0087,-0.0000,-0.0003,-0.0025,-34.0125,-29.4750,-3.4500,
4.902788,-0.0134,-0.0001,0.0043,-0.0000,-0.0003,-0.0025,-34.0125,-29.4750,-3.4500,
4.930311,-0.0134,-0.0001,0.0043,-0.0000,-0.0003,-0.0025,-33.9188,-29.5313,-3.4313,
4.962088,-0.0134,-0.0001,0.0043,0.0003,-0.0007,0.0013,-33.9188,-29.5313,-3.4313,
4.963497,-0.0134,-0.0001,0.0043,0.0003,-0.0007,0.0013,-33.9188,-29.5313,-3.4313,
4.983088,0.0114,0.0047,-0.0042,0.0003,-0.0007,0.0013,-33.9188,-29.5313,-3.4313,
4.988572,0.0114,0.0047,-0.0042,0.0003,-0.0007,0.0013,-33.9375,-29.6438,-3.3938,
5.023054,0.0114,0.0047,-0.0042,0.0003,0.0025,0.0009,-33.9375,-29.6438,-3.3938,
5.026542,0.0114,0.0047,-0.0042,0.0003,0.0025,0.0009,-33.9375,-29.6438,-3.3938,
5.042909,-0.0211,0.0076,0.0002,0.0003,0.0025,0.0009,-33.9375,-29.6438,-3.3938,
5.048877,-0.0211,0.0076,0.0002,0.0003,0.0025,0.0009,-33.8813,-29.7750,-3.3188,
5.083882,-0.0211,0.0076,0.0002,0.0007,-0.0039,-0.0004,-33.8813,-29.7750,-3.3188,
5.085844,-0.0211,0.0076,0.0002,0.0007,-0.0039,-0.0004,-33.8813,-29.7750,-3.3188,
5.101754,-0.0008,0.0081,0.0016,0.0007,-0.0039,-0.0004,-33.8813,-29.7750,-3.3188,
5.108554,-0.0008,0.0081,0.0016,0.0007,-0.0039,-0.0004,-33.6938,-29.7188,-3.3375,
5.145522,-0.0008,0.0081,0.0016,0.0007,-0.0039,-0.0004,-33.6938,-29.7188,-3.3375,
5.148172,-0.0008,0.0081,0.0016,-0.0015,-0.0024,-0.0019,-33.6938,-29.7188,-3.3375,
5.164645,-0.0097,0.0008,0.0033,-0.0015,-0.0024,-0.0019,-33.6938,-29.7188,-3.3375,
5.167665,-0.0097,0.0008,0.0033,-0.0015,-0.0024,-0.0019,-33.7125,-29.8500,-3.1875,
5.205715,-0.0097,0.0008,0.0033,-0.0008,-0.0007,-0.0001,-33.7125,-29.8500,-3.1875,
5.208838,-0.0097,0.0008,0.0033,-0.0008,-0.0007,-0.0001,-33.7125,-29.8500,-3.1875,
5.230054,-0.0097,0.0008,0.0033,-0.0008,-0.0007,-0.0001,-33.6562,-29.7938,-3.1313,
5.244871,0.0085,-0.0010,0.0050,-0.0008,-0.0007,-0.0001,-33.6562,-29.7938,-3.1313,
5.265289,0.0085,-0.0010,0.0050,0.0003,0.0019,0.0007,-33.6562,-29.7938,-3.1313,
5.267869,0.0085,-0.0010,0.0050,0.0003,0.0019,0.0007,-33.6562,-29.7938,-3.1313,
5.292927,0.0085,-0.0010,0.0050,0.0003,0.0019,0.0007,-33.6375,-29.8875,-3.1313,
5.306251,-0.0032,-0.0005,0.0005,0.0003,0.0019,0.0007,-33.6375,-29.8875,-3.1313,
5.325136,-0.0032,-0.0005,0.0005,0.0003,-0.0024,0.0003,-33.6375,-29.8875,-3.1313,
5.326931,-0.0032,-0.0005,0.0005,0.0003,-0.0024,0.0003,-33.6375,-29.8875,-3.1313,
5.350172,-0.0032,-0.0005,0.0005,0.0003,-0.0024,0.0003,-33.5438,-29.9250,-3.0375,
5.365760,-0.0004,0.0068,0.0006,0.0003,-0.0024,0.0003,-33.5438,-29.9250,-3.0375,
5.387952,-0.0004,0.0068,0.0006,-0.0000,-0.0003,-0.0004,-33.5438,-29.9250,-3.0375,
5.390806,-0.0004,0.0068,0.0006,-0.0000,-0.0003,-0.0004,-33.5438,-29.9250,-3.0375,
5.409259,-0.0004,0.0068,0.0006,-0.0000,-0.0003,-0.0004,-33.6188,-30.0375,-2.8875,
5.448711,-0.0004,0.0068,0.0006,-0.0015,-0.0039,-0.0004,-33.6188,-30.0375,-2.8875,
5.451229,-0.0004,0.0068,0.0006,-0.0015,-0.0039,-0.0004,-33.6188,-30.0375,-2.8875,
5.452880,-0.0094,0.0210,0.0078,-0.0015,-0.0039,-0.0004,-33.6188,-30.0375,-2.8875,
5.468663,-0.0094,0.0210,0.0078,-0.0015,-0.0039,-0.0004,-33.5625,-29.7938,-2.8875,
5.511047,-0.0094,0.0210,0.0078,-0.0015,-0.0039,-0.0004,-33.5625,-29.7938,-2.8875,
5.513291,-0.0094,0.0210,0.0078,-0.0000,0.0012,0.0009,-33.5625,-29.7938,-2.8875,
5.514236,-0.0012,-0.0312,-0.0040,-0.0000,0.0012,0.0009,-33.5625,-29.7938,-2.8875,
5.529008,-0.0012,-0.0312,-0.0040,-0.0000,0.0012,0.0009,-33.4313,-29.6438,-3.0000,
5.570053,-0.0012,-0.0312,-0.0040,0.0003,0.0036,-0.0023,-33.4313,-29.6438,-3.0000,
5.573316,-0.0092,0.0218,-0.0016,0.0003,0.0036,-0.0023,-33.4313,-29.6438,-3.0000,
5.575332,-0.0092,0.0218,-0.0016,0.0003,0.0036,-0.0023,-33.4313,-29.6438,-3.0000,
5.588997,-0.0092,0.0218,-0.0016,0.0003,0.0036,-0.0023,-33.5813,-29.7188,-2.8500,
5.630298,-0.0092,0.0218,-0.0016,-0.0021,-0.0158,0.0031,-33.5813,-29.7188,-2.8500,
5.632982,0.0027,0.0212,-0.0003,-0.0021,-0.0158,0.0031,-33.5813,-29.7188,-2.8500,
5.634449,0.0027,0.0212,-0.0003,-0.0021,-0.0158,0.0031,-33.5813,-29.7188,-2.8500,
5.649374,0.0027,0.0212,-0.0003,-0.0021,-0.0158,0.0031,-33.4313,-29.4938,-2.8500,
5.691990,0.0027,0.0212,-0.0003,-0.0021,0.0168,0.0007,-33.4313,-29.4938,-2.8500,
5.695169,0.0027,0.0212,-0.0003,-0.0021,0.0168,0.0007,-33.4313,-29.4938,-2.8500,
5.709582,0.0027,0.0212,-0.0003,-0.0021,0.0168,0.0007,-33.4313,-29.5688,-2.8875,
5.712319,-0.0089,-0.0085,0.0094,-0.0021,0.0168,0.0007,-33.4313,-29.5688,-2.8875,
5.753102,-0.0089,-0.0085,0.0094,-0.0008,-0.0088,0.0009,-33.4313,-29.5688,-2.8875,
5.755942,-0.0089,-0.0085,0.0094,-0.0008,-0.0088,0.0009,-33.4313,-29.5688,-2.8875,
5.769054,-0.0089,-0.0085,0.0094,-0.0008,-0.0088,0.0009,-33.4688,-29.6438,-2.8688,
5.772001,-0.0079,-0.0159,0.0037,-0.0008,-0.0088,0.0009,-33.4688,-29.6438,-2.8688,
5.813588,-0.0079,-0.0159,0.0037,0.0007,0.0008,-0.0008,-33.4688,-29.6438,-2.8688,
5.816750,-0.0079,-0.0159,0.0037,0.0007,0.0008,-0.0008,-33.4688,-29.6438,-2.8688,
5.828465,-0.0079,-0.0159,0.0037,0.0007,0.0008,-0.0008,-33.4125,-29.5125,-2.8500,
5.832890,-0.0106,0.0056,0.0039,0.0007,0.0008,-0.0008,-33.4125,-29.5125,-2.8500,
5.875386,-0.0106,0.0056,0.0039,-0.0004,-0.0060,-0.0012,-33.4125,-29.5125,-2.8500,
5.878831,-0.0106,0.0056,0.0039,-0.0004,-0.0060,-0.0012,-33.4125,-29.5125,-2.8500,
5.889536,-0.0106,0.0056,0.0039,-0.0004,-0.0060,-0.0012,-33.3188,-29.3625,-2.9625,
5.895332,0.0020,0.0186,0.0041,-0.0004,-0.0060,-0.0012,-33.3188,-29.3625,-2.9625,
5.936106,0.0020,0.0186,0.0041,-0.0015,0.0004,0.0007,-33.3188,-29.3625,-2.9625,
5.937687,0.0020,0.0186,0.0041,-0.0015,0.0004,0.0007,-33.3188,-29.3625,-2.9625,
5.949862,0.0020,0.0186,0.0041,-0.0015,0.0004,0.0007,-33.4688,-29.5500,-3.0563,
5.976448,-0.0102,0.0017,0.0011,-0.0015,0.0004,0.0007,-33.4688,-29.5500,-3.0563,
5.994786,-0.0102,0.0017,0.0011,-0.0008,-0.0007,0.0009,-33.4688,-29.5500,-3.0563,
5.996376,-0.0102,0.0017,0.0011,-0.0008,-0.0007,0.0009,-33.4688,-29.5500,-3.0563,
6.010287,-0.0102,0.0017,0.0011,-0.0008,-0.0007,0.0009,-33.6000,-29.5688,-3.0750,
6.036969,-0.0095,-0.0043,-0.0010,-0.0008,-0.0007,0.0009,-33.6000,-29.5688,-3.0750,
6.059158,-0.0095,-0.0043,-0.0010,0.0003,-0.0028,0.0013,-33.6000,-29.5688,-3.0750,
6.061828,-0.0095,-0.0043,-0.0010,0.0003,-0.0028,0.0013,-33.6000,-29.5688,-3.0750,
6.069698,-0.0095,-0.0043,-0.0010,0.0003,-0.0028,0.0013,-33.5813,-29.5125,-3.2250,
6.096938,-0.0082,-0.0018,0.0053,0.0003,-0.0028,0.0013,-33.5813,-29.5125,-3.2250,
6.119184,-0.0082,-0.0018,0.0053,0.0003,-0.0028,0.0013,-33.5813,-29.5125,-3.2250,
6.121832,-0.0082,-0.0018,0.0053,0.0003,0.0004,0.0007,-33.5813,-29.5125,-3.2250,
6.129074,-0.0082,-0.0018,0.0053,0.0003,0.0004,0.0007,-33.6562,-29.5688,-3.4125,
6.182770,-0.0082,-0.0018,0.0053,-0.0011,-0.0009,0.0003,-33.6562,-29.5688,-3.4125,
6.186623,-0.0082,-0.0018,0.0053,-0.0011,-0.0009,0.0003,-33.6562,-29.5688,-3.4125,
6.188962,-0.0038,0.0057,0.0041,-0.0011,-0.0009,0.0003,-33.6562,-29.5688,-3.4125,
6.190854,-0.0038,0.0057,0.0041,-0.0011,-0.0009,0.0003,-33.5438,-29.4000,-3.3750,
6.241479,-0.0038,0.0057,0.0041,-0.0008,-0.0017,0.0003,-33.5438,-29.4000,-3.3750,
6.244723,-0.0037,0.0074,0.0100,-0.0008,-0.0017,0.0003,-33.5438,-29.4000,-3.3750,
6.246725,-0.0037,0.0074,0.0100,-0.0008,-0.0017,0.0003,-33.5438,-29.4000,-3.3750,
6.248930,-0.0037,0.0074,0.0100,-0.0008,-0.0017,0.0003,-33.5063,-29.3813,-3.4313,
6.302258,-0.0037,0.0074,0.0100,-0.0008,-0.0017,0.0003,-33.5063,-29.3813,-3.4313,
6.305536,-0.0037,0.0074,0.0100,0.0007,0.0004,0.0003,-33.5063,-29.3813,-3.4313,
6.307681,-0.0060,-0.0135,-0.0011,0.0007,0.0004,0.0003,-33.5063,-29.3813,-3.4313,
6.312761,-0.0060,-0.0135,-0.0011,0.0007,0.0004,0.0003,-33.5813,-29.5313,-3.3188,
6.364180,-0.0060,-0.0135,-0.0011,0.0007,0.0004,0.0003,-33.5813,-29.5313,-3.3188,
6.367781,-0.0166,0.0238,0.0000,0.0007,0.0004,0.0003,-33.5813,-29.5313,-3.3188,
6.370411,-0.0166,0.0238,0.0000,0.0003,0.0015,-0.0019,-33.5813,-29.5313,-3.3188,
6.372699,-0.0166,0.0238,0.0000,0.0003,0.0015,-0.0019,-33.6562,-29.5875,-3.3938,
6.424596,-0.0166,0.0238,0.0000,-0.0021,-0.0099,0.0028,-33.6562,-29.5875,-3.3938,
6.427853,-0.0166,0.0238,0.0000,-0.0021,-0.0099,0.0028,-33.6562,-29.5875,-3.3938,
6.429626,-0.0166,0.0238,0.0000,-0.0021,-0.0099,0.0028,-33.6938,-29.6250,-3.3375,
6.443786,0.0063,0.0093,0.0015,-0.0021,-0.0099,0.0028,-33.6938,-29.6250,-3.3375,
6.482527,0.0063,0.0093,0.0015,-0.0008,0.0140,0.0007,-33.6938,-29.6250,-3.3375,
6.484543,0.0063,0.0093,0.0015,-0.0008,0.0140,0.0007,-33.6938,-29.6250,-3.3375,
6.488451,0.0063,0.0093,0.0015,-0.0008,0.0140,0.0007,-33.6375,-29.6250,-3.4125,
6.503222,-0.0040,-0.0095,0.0044,-0.0008,0.0140,0.0007,-33.6375,-29.6250,-3.4125,
6.546185,-0.0040,-0.0095,0.0044,-0.0008,-0.0067,0.0009,-33.6375,-29.6250,-3.4125,
6.549067,-0.0040,-0.0095,0.0044,-0.0008,-0.0067,0.0009,-33.6375,-29.6250,-3.4125,
6.550377,-0.0040,-0.0095,0.0044,-0.0008,-0.0067,0.0009,-33.5625,-29.5688,-3.2813,
6.564120,-0.0028,0.0033,-0.0054,-0.0008,-0.0067,0.0009,-33.5625,-29.5688,-3.2813,
6.606897,-0.0028,0.0033,-0.0054,-0.0008,-0.0067,0.0009,-33.5625,-29.5688,-3.2813,
6.609932,-0.0028,0.0033,-0.0054,0.0013,0.0025,-0.0008,-33.5625,-29.5688,-3.2813,
6.611927,-0.0028,0.0033,-0.0054,0.0013,0.0025,-0.0008,-33.4875,-29.5688,-3.1125,
6.646640,-0.0075,0.0122,0.0025,0.0013,0.0025,-0.0008,-33.4875,-29.5688,-3.1125,
6.666858,-0.0075,0.0122,0.0025,-0.0000,-0.0056,-0.0019,-33.4875,-29.5688,-3.1125,
6.669830,-0.0075,0.0122,0.0025,-0.0000,-0.0056,-0.0019,-33.4875,-29.5688,-3.1125,
6.671658,-0.0075,0.0122,0.0025,-0.0000,-0.0056,-0.0019,-33.5438,-29.6438,-3.2250,
6.705817,0.0031,0.0099,-0.0030,-0.0000,-0.0056,-0.0019,-33.5438,-29.6438,-3.2250,
6.725268,0.0031,0.0099,-0.0030,-0.0015,0.0008,0.0013,-33.5438,-29.6438,-3.2250,
6.727078,0.0031,0.0099,-0.0030,-0.0015,0.0008,0.0013,-33.5438,-29.6438,-3.2250,
6.728547,0.0031,0.0099,-0.0030,-0.0015,0.0008,0.0013,-33.6375,-29.5125,-3.4125,
6.768930,-0.0021,0.0045,0.0052,-0.0015,0.0008,0.0013,-33.6375,-29.5125,-3.4125,
6.787017,-0.0021,0.0045,0.0052,-0.0011,0.0044,0.0009,-33.6375,-29.5125,-3.4125,
6.789119,-0.0021,0.0045,0.0052,-0.0011,0.0044,0.0009,-33.6375,-29.5125,-3.4125,
6.790442,-0.0021,0.0045,0.0052,-0.0011,0.0044,0.0009,-33.6562,-29.4750,-3.5813,
6.831099,-0.0088,-0.0038,0.0028,-0.0011,0.0044,0.0009,-33.6562,-29.4750,-3.5813,
6.849378,-0.0088,-0.0038,0.0028,-0.0011,0.0044,0.0009,-33.6562,-29.4750,-3.5813,
6.851067,-0.0088,-0.0038,0.0028,-0.0011,0.0044,0.0009,-33.6562,-29.5125,-3.6375,
6.852542,-0.0088,-0.0038,0.0028,-0.0004,-0.0077,-0.0001,-33.6562,-29.5125,-3.6375,
6.913378,-0.0088,-0.0038,0.0028,-0.0004,-0.0077,-0.0001,-33.5063,-29.4000,-3.6000,
6.916373,-0.0063,-0.0007,0.0023,-0.0004,-0.0077,-0.0001,-33.5063,-29.4000,-3.6000,
6.917552,-0.0063,-0.0007,0.0023,0.0007,0.0023,-0.0004,-33.5063,-29.4000,-3.6000,
6.918663,-0.0063,-0.0007,0.0023,0.0007,0.0023,-0.0004,-33.5063,-29.4000,-3.6000,
6.971589,-0.0063,-0.0007,0.0023,0.0007,0.0023,-0.0004,-33.4313,-29.3813,-3.5250,
6.974663,-0.0063,-0.0007,0.0023,0.0007,-0.0031,-0.0012,-33.4313,-29.3813,-3.5250,
6.976912,-0.0063,-0.0007,0.0023,0.0007,-0.0031,-0.0012,-33.4313,-29.3813,-3.5250,
6.978963,-0.0093,0.0047,0.0087,0.0007,-0.0031,-0.0012,-33.4313,-29.3813,-3.5250,
7.031195,-0.0093,0.0047,0.0087,0.0007,-0.0031,-0.0012,-33.4500,-29.5125,-3.6375,
7.033942,-0.0093,0.0047,0.0087,-0.0015,0.0012,0.0007,-33.4500,-29.5125,-3.6375,
7.035188,-0.0093,0.0047,0.0087,-0.0015,0.0012,0.0007,-33.4500,-29.5125,-3.6375,
7.036638,-0.0037,0.0265,0.0095,-0.0015,0.0012,0.0007,-33.4500,-29.5125,-3.6375,
7.091681,-0.0037,0.0265,0.0095,-0.0015,0.0012,0.0007,-33.5250,-29.4188,-3.6750,
7.094446,-0.0037,0.0265,0.0095,-0.0004,-0.0024,0.0017,-33.5250,-29.4188,-3.6750,
7.096090,-0.0037,0.0265,0.0095,-0.0004,-0.0024,0.0017,-33.5250,-29.4188,-3.6750,
7.111697,0.0036,-0.0388,-0.0032,-0.0004,-0.0024,0.0017,-33.5250,-29.4188,-3.6750,
7.150720,0.0036,-0.0388,-0.0032,-0.0004,-0.0024,0.0017,-33.6188,-29.4750,-3.5625,
7.155106,0.0036,-0.0388,-0.0032,-0.0000,0.0033,-0.0023,-33.6188,-29.4750,-3.5625,
7.157305,0.0036,-0.0388,-0.0032,-0.0000,0.0033,-0.0023,-33.6188,-29.4750,-3.5625,
7.172708,-0.0274,0.0215,0.0072,-0.0000,0.0033,-0.0023,-33.6188,-29.4750,-3.5625,
7.209253,-0.0274,0.0215,0.0072,-0.0000,0.0033,-0.0023,-33.5625,-29.5125,-3.3750,
7.212976,-0.0274,0.0215,0.0072,-0.0011,-0.0156,0.0013,-33.5625,-29.5125,-3.3750,
7.214801,-0.0274,0.0215,0.0072,-0.0011,-0.0156,0.0013,-33.5625,-29.5125,-3.3750,
7.234244,0.0131,0.0149,-0.0075,-0.0011,-0.0156,0.0013,-33.5625,-29.5125,-3.3750,
7.269325,0.0131,0.0149,-0.0075,-0.0011,-0.0156,0.0013,-33.6375,-29.5313,-3.2813,
7.275102,0.0131,0.0149,-0.0075,-0.0019,0.0153,0.0013,-33.6375,-29.5313,-3.2813,
7.277258,0.0131,0.0149,-0.0075,-0.0019,0.0153,0.0013,-33.6375,-29.5313,-3.2813,
7.295288,-0.0128,-0.0036,0.0024,-0.0019,0.0153,0.0013,-33.6375,-29.5313,-3.2813,
7.329762,-0.0128,-0.0036,0.0024,-0.0019,0.0153,0.0013,-33.5625,-29.3813,-3.1688,
7.334045,-0.0128,-0.0036,0.0024,-0.0011,-0.0077,0.0035,-33.5625,-29.3813,-3.1688,
7.335812,-0.0128,-0.0036,0.0024,-0.0011,-0.0077,0.0035,-33.5625,-29.3813,-3.1688,
7.377903,0.0096,-0.0102,-0.0029,-0.0011,-0.0077,0.0035,-33.5625,-29.3813,-3.1688,
7.389504,0.0096,-0.0102,-0.0029,-0.0011,-0.0077,0.0035,-33.6938,-29.5313,-3.1500,
7.395665,0.0096,-0.0102,-0.0029,0.0013,0.0065,0.0003,-33.6938,-29.5313,-3.1500,
7.396631,0.0096,-0.0102,-0.0029,0.0013,0.0065,0.0003,-33.6938,-29.5313,-3.1500,
7.437506,-0.0164,-0.0025,-0.0016,0.0013,0.0065,0.0003,-33.6938,-29.5313,-3.1500,
7.449558,-0.0164,-0.0025,-0.0016,0.0013,0.0065,0.0003,-33.6938,-29.5875,-3.0563,
7.458034,-0.0164,-0.0025,-0.0016,0.0007,-0.0124,-0.0029,-33.6938,-29.5875,-3.0563,
7.459341,-0.0164,-0.0025,-0.0016,0.0007,-0.0124,-0.0029,-33.6938,-29.5875,-3.0563,
7.498098,0.0005,0.0172,-0.0059,0.0007,-0.0124,-0.0029,-33.6938,-29.5875,-3.0563,
7.508448,0.0005,0.0172,-0.0059,0.0007,-0.0124,-0.0029,-33.8250,-29.6625,-3.1500,
7.518529,0.0005,0.0172,-0.0059,-0.0008,0.0015,-0.0015,-33.8250,-29.6625,-3.1500,
7.520749,0.0005,0.0172,-0.0059,-0.0008,0.0015,-0.0015,-33.8250,-29.6625,-3.1500,
7.569385,0.0005,0.0172,-0.0059,-0.0008,0.0015,-0.0015,-33.8625,-29.7375,-3.1125,
7.579582,0.0005,0.0172,-0.0059,-0.0008,0.0015,-0.0015,-33.8625,-29.7375,-3.1125,
7.580895,0.0005,0.0172,-0.0059,-0.0021,-0.0017,0.0013,-33.8625,-29.7375,-3.1125,
7.581700,0.0036,0.0030,-0.0011,-0.0021,-0.0017,0.0013,-33.8625,-29.7375,-3.1125,
7.631727,0.0036,0.0030,-0.0011,-0.0021,-0.0017,0.0013,-33.9000,-29.6438,-3.2063,
7.642074,0.0036,0.0030,-0.0011,-0.0015,0.0036,0.0028,-33.9000,-29.6438,-3.2063,
7.643050,0.0036,0.0030,-0.0011,-0.0015,0.0036,0.0028,-33.9000,-29.6438,-3.2063,
7.643992,-0.0022,-0.0112,0.0003,-0.0015,0.0036,0.0028,-33.9000,-29.6438,-3.2063,
7.690828,-0.0022,-0.0112,0.0003,-0.0015,0.0036,0.0028,-33.9563,-29.7375,-3.1125,
7.702459,-0.0022,-0.0112,0.0003,-0.0004,0.0019,0.0009,-33.9563,-29.7375,-3.1125,
7.704821,-0.0022,-0.0112,0.0003,-0.0004,0.0019,0.0009,-33.9563,-29.7375,-3.1125,
7.705851,-0.0092,-0.0028,0.0061,-0.0004,0.0019,0.0009,-33.9563,-29.7375,-3.1125,
7.749203,-0.0092,-0.0028,0.0061,-0.0004,0.0019,0.0009,-34.0125,-29.8313,-3.1313,
7.761263,-0.0092,-0.0028,0.0061,-0.0004,-0.0077,-0.0012,-34.0125,-29.8313,-3.1313,
7.762682,-0.0094,0.0154,0.0006,-0.0004,-0.0077,-0.0012,-34.0125,-29.8313,-3.1313,
7.763566,-0.0094,0.0154,0.0006,-0.0004,-0.0077,-0.0012,-34.0125,-29.8313,-3.1313,
7.809903,-0.0094,0.0154,0.0006,-0.0004,-0.0077,-0.0012,-34.0688,-29.9250,-3.1500,
7.822223,-0.0094,0.0154,0.0006,-0.0015,0.0001,-0.0015,-34.0688,-29.9250,-3.1500,
7.824118,-0.0094,0.0154,0.0006,-0.0015,0.0001,-0.0015,-34.0688,-29.9250,-3.1500,
7.842794,0.0025,0.0115,-0.0047,-0.0015,0.0001,-0.0015,-34.0688,-29.9250,-3.1500,
7.869369,0.0025,0.0115,-0.0047,-0.0015,0.0001,-0.0015,-33.9563,-29.7563,-3.2438,
7.882732,0.0025,0.0115,-0.0047,-0.0011,-0.0039,0.0031,-33.9563,-29.7563,-3.2438,
7.884242,0.0025,0.0115,-0.0047,-0.0011,-0.0039,0.0031,-33.9563,-29.7563,-3.2438,
7.903867,0.0065,-0.0069,0.0010,-0.0011,-0.0039,0.0031,-33.9563,-29.7563,-3.2438,
7.928744,0.0065,-0.0069,0.0010,-0.0011,-0.0039,0.0031,-33.9750,-29.6438,-3.3188,
7.943995,0.0065,-0.0069,0.0010,0.0007,0.0047,0.0007,-33.9750,-29.6438,-3.3188,
7.945530,0.0065,-0.0069,0.0010,0.0007,0.0047,0.0007,-33.9750,-29.6438,-3.3188,
7.964216,-0.0122,0.0090,0.0100,0.0007,0.0047,0.0007,-33.9750,-29.6438,-3.3188,
7.988737,-0.0122,0.0090,0.0100,0.0007,0.0047,0.0007,-33.7875,-29.4188,-3.3188,
8.005721,-0.0122,0.0090,0.0100,-0.0004,0.0008,-0.0008,-33.7875,-29.4188,-3.3188,
8.007373,-0.0122,0.0090,0.0100,-0.0004,0.0008,-0.0008,-33.7875,-29.4188,-3.3188,
8.048271,-0.0070,0.0280,0.0038,-0.0004,0.0008,-0.0008,-33.7875,-29.4188,-3.3188,
8.050739,-0.0070,0.0280,0.0038,-0.0004,0.0008,-0.0008,-33.7313,-29.4375,-3.4313,
8.067030,-0.0070,0.0280,0.0038,-0.0036,-0.0120,0.0031,-33.7313,-29.4375,-3.4313,
8.069298,-0.0070,0.0280,0.0038,-0.0036,-0.0120,0.0031,-33.7313,-29.4375,-3.4313,
8.106458,0.0120,-0.0164,-0.0054,-0.0036,-0.0120,0.0031,-33.7313,-29.4375,-3.4313,
8.108238,0.0120,-0.0164,-0.0054,-0.0036,-0.0120,0.0031,-33.7313,-29.5125,-3.3563,
8.126646,0.0120,-0.0164,-0.0054,-0.0015,0.0164,0.0003,-33.7313,-29.5125,-3.3563,
8.128586,0.0120,-0.0164,-0.0054,-0.0015,0.0164,0.0003,-33.7313,-29.5125,-3.3563,
8.167828,-0.0266,-0.0211,0.0001,-0.0015,0.0164,0.0003,-33.7313,-29.5125,-3.3563,
8.169434,-0.0266,-0.0211,0.0001,-0.0015,0.0164,0.0003,-33.6938,-29.4375,-3.4125,
8.188688,-0.0266,-0.0211,0.0001,-0.0015,0.0164,0.0003,-33.6938,-29.4375,-3.4125,
8.190280,-0.0266,-0.0211,0.0001,0.0007,-0.0158,-0.0012,-33.6938,-29.4375,-3.4125,
8.232303,-0.0266,-0.0211,0.0001,0.0007,-0.0158,-0.0012,-33.6188,-29.4000,-3.5438,
8.233945,-0.0011,0.0156,-0.0001,0.0007,-0.0158,-0.0012,-33.6188,-29.4000,-3.5438,
8.251380,-0.0011,0.0156,-0.0001,0.0017,0.0015,-0.0015,-33.6188,-29.4000,-3.5438,
8.253574,-0.0011,0.0156,-0.0001,0.0017,0.0015,-0.0015,-33.6188,-29.4000,-3.5438,
8.289154,-0.0011,0.0156,-0.0001,0.0017,0.0015,-0.0015,-33.6562,-29.3625,-3.6000,
8.310768,-0.0011,0.0156,-0.0001,-0.0000,-0.0052,0.0024,-33.6562,-29.3625,-3.6000,
8.313325,-0.0011,0.0156,-0.0001,-0.0000,-0.0052,0.0024,-33.6562,-29.3625,-3.6000,
8.314179,0.0069,0.0250,-0.0032,-0.0000,-0.0052,0.0024,-33.6562,-29.3625,-3.6000,
8.349926,0.0069,0.0250,-0.0032,-0.0000,-0.0052,0.0024,-33.7500,-29.4000,-3.5438,
8.370440,0.0069,0.0250,-0.0032,-0.0015,0.0087,0.0045,-33.7500,-29.4000,-3.5438,
8.372188,0.0073,-0.0002,0.0051,-0.0015,0.0087,0.0045,-33.7500,-29.4000,-3.5438,
8.372991,0.0073,-0.0002,0.0051,-0.0015,0.0087,0.0045,-33.7500,-29.4000,-3.5438,
8.411826,0.0073,-0.0002,0.0051,-0.0015,0.0087,0.0045,-33.7125,-29.4750,-3.5813,
8.434151,0.0073,-0.0002,0.0051,-0.0015,0.0087,0.0045,-33.7125,-29.4750,-3.5813,
8.436398,-0.0181,-0.0114,0.0029,-0.0015,0.0087,0.0045,-33.7125,-29.4750,-3.5813,
8.437307,-0.0181,-0.0114,0.0029,-0.0000,0.0012,0.0013,-33.7125,-29.4750,-3.5813,
8.468367,-0.0181,-0.0114,0.0029,-0.0000,0.0012,0.0013,-33.7313,-29.4938,-3.5438,
8.492615,-0.0181,-0.0114,0.0029,-0.0000,0.0012,0.0013,-33.7313,-29.4938,-3.5438,
8.494494,-0.0181,-0.0114,0.0029,-0.0000,-0.0095,-0.0044,-33.7313,-29.4938,-3.5438,
8.512216,0.0001,0.0033,-0.0029,-0.0000,-0.0095,-0.0044,-33.7313,-29.4938,-3.5438,
8.529724,0.0001,0.0033,-0.0029,-0.0000,-0.0095,-0.0044,-33.7125,-29.5875,-3.5813,
8.553082,0.0001,0.0033,-0.0029,-0.0000,-0.0031,-0.0033,-33.7125,-29.5875,-3.5813,
8.555192,0.0001,0.0033,-0.0029,-0.0000,-0.0031,-0.0033,-33.7125,-29.5875,-3.5813,
8.576108,0.0133,0.0110,-0.0016,-0.0000,-0.0031,-0.0033,-33.7125,-29.5875,-3.5813,
8.588129,0.0133,0.0110,-0.0016,-0.0000,-0.0031,-0.0033,-33.6375,-29.5313,-3.5813,
8.613889,0.0133,0.0110,-0.0016,-0.0004,0.0025,0.0009,-33.6375,-29.5313,-3.5813,
8.615644,0.0133,0.0110,-0.0016,-0.0004,0.0025,0.0009,-33.6375,-29.5313,-3.5813,
8.634152,0.0035,0.0008,0.0023,-0.0004,0.0025,0.0009,-33.6375,-29.5313,-3.5813,
8.650049,0.0035,0.0008,0.0023,-0.0004,0.0025,0.0009,-33.5250,-29.5313,-3.5250,
8.675060,0.0035,0.0008,0.0023,-0.0004,0.0036,0.0013,-33.5250,-29.5313,-3.5250,
8.677341,0.0035,0.0008,0.0023,-0.0004,0.0036,0.0013,-33.5250,-29.5313,-3.5250,
8.694935,-0.0206,0.0113,0.0073,-0.0004,0.0036,0.0013,-33.5250,-29.5313,-3.5250,
8.708195,-0.0206,0.0113,0.0073,-0.0004,0.0036,0.0013,-33.6375,-29.5875,-3.5625,
8.737010,-0.0206,0.0113,0.0073,0.0007,-0.0052,0.0009,-33.6375,-29.5875,-3.5625,
8.738522,-0.0206,0.0113,0.0073,0.0007,-0.0052,0.0009,-33.6375,-29.5875,-3.5625,
8.769443,-0.0206,0.0113,0.0073,0.0007,-0.0052,0.0009,-33.6938,-29.4938,-3.6750,
8.776218,-0.0090,-0.0197,0.0061,0.0007,-0.0052,0.0009,-33.6938,-29.4938,-3.6750,
8.796758,-0.0090,-0.0197,0.0061,0.0007,-0.0052,0.0009,-33.6938,-29.4938,-3.6750,
8.798074,-0.0090,-0.0197,0.0061,0.0013,-0.0009,-0.0040,-33.6938,-29.4938,-3.6750,
8.830216,-0.0090,-0.0197,0.0061,0.0013,-0.0009,-0.0040,-33.7125,-29.6250,-3.6750,
8.837041,-0.0188,0.0235,0.0044,0.0013,-0.0009,-0.0040,-33.7125,-29.6250,-3.6750,
8.857231,-0.0188,0.0235,0.0044,-0.0019,-0.0088,0.0009,-33.7125,-29.6250,-3.6750,
8.859036,-0.0188,0.0235,0.0044,-0.0019,-0.0088,0.0009,-33.7125,-29.6250,-3.6750,
8.890927,-0.0188,0.0235,0.0044,-0.0019,-0.0088,0.0009,-33.9000,-29.6625,-3.7125,
8.898166,0.0168,0.0067,-0.0086,-0.0019,-0.0088,0.0009,-33.9000,-29.6625,-3.7125,
8.918209,0.0168,0.0067,-0.0086,-0.0015,0.0097,0.0013,-33.9000,-29.6625,-3.7125,
8.919978,0.0168,0.0067,-0.0086,-0.0015,0.0097,0.0013,-33.9000,-29.6625,-3.7125,
8.950126,0.0168,0.0067,-0.0086,-0.0015,0.0097,0.0013,-33.9750,-29.7188,-3.7500,
8.979822,0.0168,0.0067,-0.0086,-0.0000,0.0008,0.0007,-33.9750,-29.7188,-3.7500,
8.981496,0.0168,0.0067,-0.0086,-0.0000,0.0008,0.0007,-33.9750,-29.7188,-3.7500,
8.982316,-0.0246,-0.0168,0.0130,-0.0000,0.0008,0.0007,-33.9750,-29.7188,-3.7500,
9.009130,-0.0246,-0.0168,0.0130,-0.0000,0.0008,0.0007,-33.9375,-29.6625,-3.6750,
9.040578,-0.0246,-0.0168,0.0130,0.0011,-0.0056,0.0007,-33.9375,-29.6625,-3.6750,
9.041945,-0.0246,-0.0168,0.0130,0.0011,-0.0056,0.0007,-33.9375,-29.6625,-3.6750,
9.042520,0.0041,-0.0011,-0.0008,0.0011,-0.0056,0.0007,-33.9375,-29.6625,-3.6750,
9.068979,0.0041,-0.0011,-0.0008,0.0011,-0.0056,0.0007,-33.9188,-29.6250,-3.7313,
9.101187,0.0041,-0.0011,-0.0008,0.0011,-0.0056,0.0007,-33.9188,-29.6250,-3.7313,
9.102622,-0.0006,0.0152,0.0041,0.0011,-0.0056,0.0007,-33.9188,-29.6250,-3.7313,
9.103594,-0.0006,0.0152,0.0041,0.0003,-0.0007,-0.0015,-33.9188,-29.6250,-3.7313,
9.127963,-0.0006,0.0152,0.0041,0.0003,-0.0007,-0.0015,-33.8250,-29.5688,-3.7500,
9.160905,-0.0006,0.0152,0.0041,-0.0011,0.0004,-0.0004,-33.8250,-29.5688,-3.7500,
9.162314,-0.0006,0.0152,0.0041,-0.0011,0.0004,-0.0004,-33.8250,-29.5688,-3.7500,
9.163092,-0.0052,0.0117,0.0075,-0.0011,0.0004,-0.0004,-33.8250,-29.5688,-3.7500,
9.187386,-0.0052,0.0117,0.0075,-0.0011,0.0004,-0.0004,-33.7313,-29.4000,-3.7313,
9.223596,-0.0052,0.0117,0.0075,-0.0021,-0.0020,0.0013,-33.7313,-29.4000,-3.7313,
9.224405,-0.0052,0.0117,0.0075,-0.0021,-0.0020,0.0013,-33.7313,-29.4000,-3.7313,
9.242950,-0.0038,0.0023,0.0028,-0.0021,-0.0020,0.0013,-33.7313,-29.4000,-3.7313,
9.247646,-0.0038,0.0023,0.0028,-0.0021,-0.0020,0.0013,-33.6562,-29.4000,-3.7313,
9.282323,-0.0038,0.0023,0.0028,-0.0004,0.0008,0.0007,-33.6562,-29.4000,-3.7313,
9.282966,-0.0038,0.0023,0.0028,-0.0004,0.0008,0.0007,-33.6562,-29.4000,-3.7313,
9.303237,-0.0078,0.0008,0.0015,-0.0004,0.0008,0.0007,-33.6562,-29.4000,-3.7313,
9.307385,-0.0078,0.0008,0.0015,-0.0004,0.0008,0.0007,-33.6188,-29.0813,-4.0312,
9.344985,-0.0078,0.0008,0.0015,-0.0000,-0.0041,0.0009,-33.6188,-29.0813,-4.0312,
9.346557,-0.0078,0.0008,0.0015,-0.0000,-0.0041,0.0009,-33.6188,-29.0813,-4.0312,
9.364686,-0.0047,0.0118,-0.0103,-0.0000,-0.0041,0.0009,-33.6188,-29.0813,-4.0312,
9.368634,-0.0047,0.0118,-0.0103,-0.0000,-0.0041,0.0009,-33.4313,-29.0438,-3.9188,
9.405400,-0.0047,0.0118,-0.0103,-0.0011,0.0001,-0.0001,-33.4313,-29.0438,-3.9188,
9.407079,-0.0047,0.0118,-0.0103,-0.0011,0.0001,-0.0001,-33.4313,-29.0438,-3.9188,
9.428811,-0.0047,0.0118,-0.0103,-0.0011,0.0001,-0.0001,-33.4125,-28.9313,-3.7875,
9.447692,-0.0047,0.0021,0.0021,-0.0011,0.0001,-0.0001,-33.4125,-28.9313,-3.7875,
9.466301,-0.0047,0.0021,0.0021,-0.0004,-0.0028,0.0003,-33.4125,-28.9313,-3.7875,
9.468145,-0.0047,0.0021,0.0021,-0.0004,-0.0028,0.0003,-33.4125,-28.9313,-3.7875,
9.489269,-0.0047,0.0021,0.0021,-0.0004,-0.0028,0.0003,-33.4875,-28.8375,-3.7875,
9.506859,0.0001,-0.0057,-0.0022,-0.0004,-0.0028,0.0003,-33.4875,-28.8375,-3.7875,
9.527352,0.0001,-0.0057,-0.0022,-0.0000,0.0019,-0.0001,-33.4875,-28.8375,-3.7875,
9.528826,0.0001,-0.0057,-0.0022,-0.0000,0.0019,-0.0001,-33.4875,-28.8375,-3.7875,
9.549539,0.0001,-0.0057,-0.0022,-0.0000,0.0019,-0.0001,-33.4875,-28.8000,-3.9000,
9.569932,-0.0075,0.0144,0.0064,-0.0000,0.0019,-0.0001,-33.4875,-28.8000,-3.9000,
9.588812,-0.0075,0.0144,0.0064,-0.0011,-0.0052,0.0017,-33.4875,-28.8000,-3.9000,
9.590777,-0.0075,0.0144,0.0064,-0.0011,-0.0052,0.0017,-33.4875,-28.8000,-3.9000,
9.609789,-0.0075,0.0144,0.0064,-0.0011,-0.0052,0.0017,-33.5813,-28.9688,-3.9375,
9.630738,0.0009,-0.0347,0.0022,-0.0011,-0.0052,0.0017,-33.5813,-28.9688,-3.9375,
9.649967,0.0009,-0.0347,0.0022,-0.0011,-0.0052,0.0017,-33.5813,-28.9688,-3.9375,
9.651339,0.0009,-0.0347,0.0022,0.0007,0.0019,0.0003,-33.5813,-28.9688,-3.9375,
9.668823,0.0009,-0.0347,0.0022,0.0007,0.0019,0.0003,-33.4875,-28.9688,-3.9750,
9.710525,0.0009,-0.0347,0.0022,0.0003,0.0008,-0.0015,-33.4875,-28.9688,-3.9750,
9.712493,0.0009,-0.0347,0.0022,0.0003,0.0008,-0.0015,-33.4875,-28.9688,-3.9750,
9.713223,-0.0170,0.0299,0.0063,0.0003,0.0008,-0.0015,-33.4875,-28.9688,-3.9750,
9.730673,-0.0170,0.0299,0.0063,0.0003,0.0008,-0.0015,-33.3375,-29.1000,-3.8438,
9.771728,-0.0170,0.0299,0.0063,-0.0036,-0.0099,0.0031,-33.3375,-29.1000,-3.8438,
9.773601,-0.0170,0.0299,0.0063,-0.0036,-0.0099,0.0031,-33.3375,-29.1000,-3.8438,
9.774396,0.0158,0.0244,-0.0100,-0.0036,-0.0099,0.0031,-33.3375,-29.1000,-3.8438,
9.788313,0.0158,0.0244,-0.0100,-0.0036,-0.0099,0.0031,-33.2812,-29.2125,-3.6000,
9.833179,0.0158,0.0244,-0.0100,-0.0011,0.0168,0.0009,-33.2812,-29.2125,-3.6000,
9.836111,0.0158,0.0244,-0.0100,-0.0011,0.0168,0.0009,-33.2812,-29.2125,-3.6000,
9.837909,-0.0120,-0.0148,-0.0020,-0.0011,0.0168,0.0009,-33.2812,-29.2125,-3.6000,
9.847835,-0.0120,-0.0148,-0.0020,-0.0011,0.0168,0.0009,-33.2812,-29.1188,-3.6938,
9.893417,-0.0120,-0.0148,-0.0020,-0.0011,0.0168,0.0009,-33.2812,-29.1188,-3.6938,
9.894199,-0.0120,-0.0148,-0.0020,-0.0008,-0.0120,0.0017,-33.2812,-29.1188,-3.6938,
9.907719,-0.0120,-0.0148,-0.0020,-0.0008,-0.0120,0.0017,-33.2438,-29.1563,-3.8438,
9.912157,-0.0101,-0.0104,-0.0045,-0.0008,-0.0120,0.0017,-33.2438,-29.1563,-3.8438,
9.954792,-0.0101,-0.0104,-0.0045,0.0011,0.0008,-0.0004,-33.2438,-29.1563,-3.8438,
9.957715,-0.0101,-0.0104,-0.0045,0.0011,0.0008,-0.0004,-33.2438,-29.1563,-3.8438,
9.969975,-0.0101,-0.0104,-0.0045,0.0011,0.0008,-0.0004,-33.1875,-29.2313,-3.7313,
9.974316,-0.0076,0.0040,-0.0025,0.0011,0.0008,-0.0004,-33.1875,-29.2313,-3.7313,
10.014541,-0.0076,0.0040,-0.0025,-0.0004,-0.0041,-0.0008,-33.1875,-29.2313,-3.7313,
10.016734,-0.0076,0.0040,-0.0025,-0.0004,-0.0041,-0.0008,-33.1875,-29.2313,-3.7313,
10.027230,-0.0076,0.0040,-0.0025,-0.0004,-0.0041,-0.0008,-33.2063,-29.3250,-3.6938,
10.033780,0.0016,0.0186,-0.0005,-0.0004,-0.0041,-0.0008,-33.2063,-29.3250,-3.6938,
10.075589,0.0016,0.0186,-0.0005,-0.0019,-0.0007,0.0003,-33.2063,-29.3250,-3.6938,
10.077085,0.0016,0.0186,-0.0005,-0.0019,-0.0007,0.0003,-33.2063,-29.3250,-3.6938,
10.088192,0.0016,0.0186,-0.0005,-0.0019,-0.0007,0.0003,-33.2625,-29.2313,-3.6750,
10.096589,-0.0045,0.0019,0.0006,-0.0019,-0.0007,0.0003,-33.2625,-29.2313,-3.6750,
10.136406,-0.0045,0.0019,0.0006,-0.0011,0.0029,0.0013,-33.2625,-29.2313,-3.6750,
10.137894,-0.0045,0.0019,0.0006,-0.0011,0.0029,0.0013,-33.2625,-29.2313,-3.6750,
10.150808,-0.0045,0.0019,0.0006,-0.0011,0.0029,0.0013,-33.2812,-29.1938,-3.5250,
10.176813,-0.0095,-0.0121,-0.0004,-0.0011,0.0029,0.0013,-33.2812,-29.1938,-3.5250,
10.197287,-0.0095,-0.0121,-0.0004,-0.0008,-0.0045,0.0013,-33.2812,-29.1938,-3.5250,
10.198815,-0.0095,-0.0121,-0.0004,-0.0008,-0.0045,0.0013,-33.2812,-29.1938,-3.5250,
10.209171,-0.0095,-0.0121,-0.0004,-0.0008,-0.0045,0.0013,-33.2438,-29.1188,-3.4688,
10.238187,-0.0012,0.0064,0.0002,-0.0008,-0.0045,0.0013,-33.2438,-29.1188,-3.4688,
10.258813,-0.0012,0.0064,0.0002,0.0003,0.0001,0.0007,-33.2438,-29.1188,-3.4688,
10.260756,-0.0012,0.0064,0.0002,0.0003,0.0001,0.0007,-33.2438,-29.1188,-3.4688,
10.269443,-0.0012,0.0064,0.0002,0.0003,0.0001,0.0007,-33.1875,-29.0438,-3.4500,
10.298019,0.0033,0.0064,0.0023,0.0003,0.0001,0.0007,-33.1875,-29.0438,-3.4500,
10.319993,0.0033,0.0064,0.0023,-0.0011,-0.0007,0.0007,-33.1875,-29.0438,-3.4500,
10.321014,0.0033,0.0064,0.0023,-0.0011,-0.0007,0.0007,-33.1875,-29.0438,-3.4500,
10.326603,0.0033,0.0064,0.0023,-0.0011,-0.0007,0.0007,-33.1313,-29.1750,-3.4313,
10.380836,0.0033,0.0064,0.0023,-0.0011,-0.0007,0.0007,-33.1313,-29.1750,-3.4313,
10.382398,-0.0044,0.0085,0.0095,-0.0011,-0.0007,0.0007,-33.1313,-29.1750,-3.4313,
10.383211,-0.0044,0.0085,0.0095,-0.0008,-0.0009,-0.0008,-33.1313,-29.1750,-3.4313,
10.390225,-0.0044,0.0085,0.0095,-0.0008,-0.0009,-0.0008,-33.0750,-29.2313,-3.4125,
10.442360,-0.0044,0.0085,0.0095,-0.0015,-0.0045,0.0009,-33.0750,-29.2313,-3.4125,
10.443958,-0.0044,0.0085,0.0095,-0.0015,-0.0045,0.0009,-33.0750,-29.2313,-3.4125,
10.444762,-0.0028,0.0059,-0.0008,-0.0015,-0.0045,0.0009,-33.0750,-29.2313,-3.4125,
10.448902,-0.0028,0.0059,-0.0008,-0.0015,-0.0045,0.0009,-33.0375,-29.2313,-3.5063,
10.503869,-0.0028,0.0059,-0.0008,-0.0015,-0.0045,0.0009,-33.0375,-29.2313,-3.5063,
10.506052,-0.0013,-0.0134,-0.0034,-0.0015,-0.0045,0.0009,-33.0375,-29.2313,-3.5063,
10.506838,-0.0013,-0.0134,-0.0034,0.0011,0.0008,0.0003,-33.0375,-29.2313,-3.5063,
10.508544,-0.0013,-0.0134,-0.0034,0.0011,0.0008,0.0003,-33.0563,-29.1375,-3.5438,
10.561870,-0.0013,-0.0134,-0.0034,-0.0000,0.0015,-0.0015,-33.0563,-29.1375,-3.5438,
10.562528,-0.0013,-0.0134,-0.0034,-0.0000,0.0015,-0.0015,-33.0563,-29.1375,-3.5438,
10.562805,-0.0190,0.0205,0.0045,-0.0000,0.0015,-0.0015,-33.0563,-29.1375,-3.5438,
10.567062,-0.0190,0.0205,0.0045,-0.0000,0.0015,-0.0015,-33.1688,-29.1188,-3.6188,
10.626368,-0.0190,0.0205,0.0045,-0.0029,-0.0073,0.0035,-33.1688,-29.1188,-3.6188,
10.628071,-0.0190,0.0205,0.0045,-0.0029,-0.0073,0.0035,-33.1688,-29.1188,-3.6188,
10.628873,-0.0190,0.0205,0.0045,-0.0029,-0.0073,0.0035,-33.2250,-29.1938,-3.6375,
10.644697,0.0102,0.0098,-0.0066,-0.0029,-0.0073,0.0035,-33.2250,-29.1938,-3.6375,
10.685205,0.0102,0.0098,-0.0066,-0.0004,0.0140,0.0003,-33.2250,-29.1938,-3.6375,
10.686740,0.0102,0.0098,-0.0066,-0.0004,0.0140,0.0003,-33.2250,-29.1938,-3.6375,
10.688647,0.0102,0.0098,-0.0066,-0.0004,0.0140,0.0003,-33.4500,-29.3625,-3.7313,
10.704960,-0.0213,-0.0154,0.0076,-0.0004,0.0140,0.0003,-33.4500,-29.3625,-3.7313,
10.747962,-0.0213,-0.0154,0.0076,0.0003,-0.0156,0.0007,-33.4500,-29.3625,-3.7313,
10.749514,-0.0213,-0.0154,0.0076,0.0003,-0.0156,0.0007,-33.4500,-29.3625,-3.7313,
10.750355,-0.0213,-0.0154,0.0076,0.0003,-0.0156,0.0007,-33.4875,-29.6250,-3.6938,
10.765508,0.0001,0.0004,-0.0028,0.0003,-0.0156,0.0007,-33.4875,-29.6250,-3.6938,
10.809958,0.0001,0.0004,-0.0028,0.0013,0.0051,-0.0008,-33.4875,-29.6250,-3.6938,
10.811693,0.0001,0.0004,-0.0028,0.0013,0.0051,-0.0008,-33.6000,-29.6250,-3.6375,
10.812525,0.0001,0.0004,-0.0028,0.0013,0.0051,-0.0008,-33.6000,-29.6250,-3.6375,
10.848209,-0.0055,0.0116,-0.0020,0.0013,0.0051,-0.0008,-33.6000,-29.6250,-3.6375,
10.868013,-0.0055,0.0116,-0.0020,0.0013,0.0051,-0.0008,-33.6000,-29.6250,-3.6375,
10.869603,-0.0055,0.0116,-0.0020,0.0013,0.0051,-0.0008,-33.6375,-29.6438,-3.6188,
10.870956,-0.0055,0.0116,-0.0020,-0.0008,-0.0045,-0.0001,-33.6375,-29.6438,-3.6188,
10.909137,-0.0009,0.0048,-0.0046,-0.0008,-0.0045,-0.0001,-33.6375,-29.6438,-3.6188,
10.928851,-0.0009,0.0048,-0.0046,-0.0011,0.0044,-0.0004,-33.6375,-29.6438,-3.6188,
10.930318,-0.0009,0.0048,-0.0046,-0.0011,0.0044,-0.0004,-33.6188,-29.4750,-3.5625,
10.931101,-0.0009,0.0048,-0.0046,-0.0011,0.0044,-0.0004,-33.6188,-29.4750,-3.5625,
10.969797,-0.0114,0.0055,-0.0097,-0.0011,0.0044,-0.0004,-33.6188,-29.4750,-3.5625,
10.989206,-0.0114,0.0055,-0.0097,-0.0011,0.0044,-0.0004,-33.6375,-29.4563,-3.4875,
10.990681,-0.0114,0.0055,-0.0097,-0.0008,-0.0039,0.0003,-33.6375,-29.4563,-3.4875,
10.991576,-0.0114,0.0055,-0.0097,-0.0008,-0.0039,0.0003,-33.6375,-29.4563,-3.4875,
11.029554,-0.0033,-0.0013,0.0065,-0.0008,-0.0039,0.0003,-33.6375,-29.4563,-3.4875,
11.049820,-0.0033,-0.0013,0.0065,-0.0008,-0.0039,0.0003,-33.5250,-29.4000,-3.4688,
11.053194,-0.0033,-0.0013,0.0065,-0.0008,-0.0039,0.0003,-33.5250,-29.4000,-3.4688,
11.054434,-0.0033,-0.0013,0.0065,-0.0015,0.0015,-0.0004,-33.5250,-29.4000,-3.4688,
11.109311,-0.0033,-0.0013,0.0065,-0.0015,0.0015,-0.0004,-33.4313,-29.3813,-3.5063,
11.112673,-0.0033,-0.0013,0.0065,-0.0015,0.0015,-0.0004,-33.4313,-29.3813,-3.5063,
11.113704,-0.0033,-0.0013,0.0065,0.0003,-0.0127,0.0028,-33.4313,-29.3813,-3.5063,
11.114933,0.0123,0.0067,-0.0087,0.0003,-0.0127,0.0028,-33.4313,-29.3813,-3.5063,
11.172514,0.0123,0.0067,-0.0087,0.0003,-0.0127,0.0028,-33.3188,-29.1563,-3.4688,
11.176787,0.0123,0.0067,-0.0087,0.0003,0.0364,-0.0036,-33.3188,-29.1563,-3.4688,
11.178760,0.0123,0.0067,-0.0087,0.0003,0.0364,-0.0036,-33.3188,-29.1563,-3.4688,
11.180871,-0.0194,0.0039,-0.0010,0.0003,0.0364,-0.0036,-33.3188,-29.1563,-3.4688,
11.229064,-0.0194,0.0039,-0.0010,0.0003,0.0364,-0.0036,-33.3000,-29.0438,-3.4500,
11.233305,0.0163,0.0089,-0.0005,0.0003,0.0364,-0.0036,-33.3000,-29.0438,-3.4500,
11.235885,0.0163,0.0089,-0.0005,0.0003,0.0364,-0.0036,-33.3000,-29.0438,-3.4500,
11.237755,0.0163,0.0089,-0.0005,-0.0015,-0.0574,0.0052,-33.3000,-29.0438,-3.4500,
11.289452,0.0163,0.0089,-0.0005,-0.0015,-0.0574,0.0052,-33.2625,-29.0438,-3.4688,
11.293440,0.0163,0.0089,-0.0005,0.0003,0.0647,-0.0051,-33.2625,-29.0438,-3.4688,
11.295064,0.0163,0.0089,-0.0005,0.0003,0.0647,-0.0051,-33.2625,-29.0438,-3.4688,
11.296676,-0.0226,0.0171,0.0227,0.0003,0.0647,-0.0051,-33.2625,-29.0438,-3.4688,
11.349222,-0.0226,0.0171,0.0227,0.0003,0.0647,-0.0051,-33.2812,-28.9500,-3.3563,
11.355510,-0.0226,0.0171,0.0227,-0.0021,-0.0706,0.0052,-33.2812,-28.9500,-3.3563,
11.357145,-0.0226,0.0171,0.0227,-0.0021,-0.0706,0.0052,-33.2812,-28.9500,-3.3563,
11.373734,0.0256,-0.0376,-0.0127,-0.0021,-0.0706,0.0052,-33.2812,-28.9500,-3.3563,
11.409307,0.0256,-0.0376,-0.0127,-0.0021,-0.0706,0.0052,-33.4313,-29.1750,-3.3000,
11.415550,0.0256,-0.0376,-0.0127,0.0035,0.0662,-0.0079,-33.4313,-29.1750,-3.3000,
11.418019,0.0256,-0.0376,-0.0127,0.0035,0.0662,-0.0079,-33.4313,-29.1750,-3.3000,
11.435950,-0.0524,0.0432,0.0243,0.0035,0.0662,-0.0079,-33.4313,-29.1750,-3.3000,
11.470744,-0.0524,0.0432,0.0243,0.0035,0.0662,-0.0079,-33.4313,-29.3625,-3.3375,
11.482058,-0.0524,0.0432,0.0243,0.0035,0.0662,-0.0079,-33.4313,-29.3625,-3.3375,
11.483675,-0.0524,0.0432,0.0243,-0.0008,-0.0634,0.0063,-33.4313,-29.3625,-3.3375,
11.496523,0.2241,0.0520,-0.0920,-0.0008,-0.0634,0.0063,-33.4313,-29.3625,-3.3375,
11.534629,0.2241,0.0520,-0.0920,-0.0008,-0.0634,0.0063,-33.4688,-29.4000,-3.3188,
